 256458     426     333     596     159     332     920    1853      88     286     394     294     185      84    1395    3664    3920      19      49    2771
    426  182302     185      80     214    1203     176     954     716     114     332    3606     100      21     360     661     360     171      62     111
    333     185  150772    2134      54     277     286     470     704     198      88    1209      56      33      64    2706    1069       9     178      86
    596      80    2134  178390      20     192    4497     907     244      59      62     148      34      16      74     390     216       5     142     195
    159     214      54      20   68120      14      11     158      58      34      79      15      27     115      27     559      91      60     246     150
    332    1203     277     192      14  139546    1497     144    1027      37     497    1289      78      14     629     278     227      20      59     100
    920     176     286    4497      11    1497  218432     999      69      72     101    1210      50      23     106     236     217      17      26     336
   1853     954     470     907     158     144     999  255274      71      44      80     215      47      28     171    1861     266     106      34     420
     88     716     704     244      58    1027      69      71   77124      37     217     115      33      69     249     214     116       5     777      32
    286     114     198      59      34      37      72      44      37  191018    2086     121    1129     354      54     274    1420      13     102    6260
    394     332      88      62      79     497     101      80     217    2086  319504     140    1567    1690     882     691     256     127     131    2020
    294    3606    1209     148      15    1289    1210     215     115     121     140  206568     167      17     117     351     653      16      30      99
    185     100      56      34      27      78      50      47      33    1129    1567     167   84670      76      36      89     579      15      25     937
     84      21      33      16     115      14      23      28      69     354    1690      17      76  143088      66     468      54      56    1276     307
   1395     360      64      74      27     629     106     171     249      54     882     117      36      66  175488    1839     653       8      32     142
   3664     661    2706     390     559     278     236    1861     214     274     691     351      89     468    1839  234536    3527      64     259     320
   3920     360    1069     216      91     227     217     266     116    1420     256     653     579      54     653    3527  203636      18      73     805
     19     171       9       5      60      20      17     106       5      13     127      16      15      56       8      64      18   50486      60      44
     49      62     178     142     246      59      26      34     777     102     131      30      25    1276      32     259      73      60  114728      63
   2771     111      86     195     150     100     336     420      32    6260    2020      99     937     307     142     320     805      44      63  223724